199.1999820
128.9452510
170.4607700
199.1999820
165.7561110
128.4496670
199.1999820
199.1999820
141.4839400
155.3266330
199.1999820
199.1999820
128.3326110
191.4554900
199.1999820
199.1999820
142.9501720
199.1999820
199.1999820
159.7579420
142.2841420
199.1999820
199.1999820
139.0959050
158.4413990
199.1999820
199.1999820
133.4518590
182.4680480
199.1999820
199.1999820
140.8384480
185.5034100
199.1999820
199.1999820
127.8812890
166.6375350
199.1999820
199.1999820
128.0489980
166.3260800
199.1999820
199.1999820
131.6999630
166.9912030
199.1999820
199.1999820
126.8666130
164.4354550
199.1999820
190.9774700
126.2270470
181.6110380
199.1999820
171.4683760
126.7016470
199.1999820
199.1999820
1 0.3693240
1 0.3855190
1 0.3645290
1 0.3700040
1 0.4523750
1 0.3814160
1 0.3558610
1 0.3807300
1 0.4062850
1 0.3900840
1 0.3754850
1 0.3376080
1 0.3296200
1 0.3273370
1 0.3360110
1 0.3433080
1 0.6198540
1 0.3364670
1 0.3524370
199.1999820
199.1999820
199.1999820
199.1999820
199.1999820
199.1999820
199.1999820
199.1999820
199.1999820
199.1999820
199.1999820
199.1999820
199.1999820
199.1999820
199.1999820
199.1999820
199.1999820
199.1999820
199.1999820
199.1999820
199.1999820
199.1999820
199.1999820
199.1999820
199.1999820
199.1999820
199.1999820
199.1999820
199.1999820
199.1999820
121.0439090
1 0.3223170
1 0.3159320
1 0.3141050
1 0.3113670
1 0.3188940
151.1871490
199.1999820
199.1999820
199.1999820
199.1999820
199.1999820
199.1999820
199.1999820
199.1999820
199.1999820
199.1999820
199.1999820
199.1999820
199.1999820
199.1999820
199.1999820
199.1999820
199.1999820
199.1999820
199.1999820
1 0.3175280
1 0.3141050
1 0.3077130
1 0.3166120
1 0.3113670
1 0.3195800
199.1999820
199.1999820
199.1999820
199.1999820
199.1999820
199.1999820
199.1999820
1 0.3688690
1 0.3884870
199.1999820
199.1999820
199.1999820
199.1999820
1 0.3930520
1 0.3430830
1 0.3369220
153.4976160
199.1999820
162.0544890
1 4.5140530
180.4015050
199.1999820
195.8651280
155.2700460
195.5500180
199.1999820
199.1999820
199.1999820
199.1999820
199.1999820
199.1999820
180.1833720
199.1999820
199.1999820
199.1999820
169.9827500
199.1999820
199.1999820
199.1999820
174.4670030
199.1999820
199.1999820
199.1999820
199.1999820
199.1999820
199.1999820
199.1999820
199.1999820
199.1999820
199.1999820
199.1999820
158.0925250
199.1999820
199.1999820
199.1999820
199.1999820
199.1999820
199.1999820
199.1999820
199.1999820
199.1999820
199.1999820
199.1999820
199.1999820
199.1999820
199.1999820
199.1999820
199.1999820
199.1999820
199.1999820
199.1999820
199.1999820
199.1999820
199.1999820
199.1999820
199.1999820
199.1999820
199.1999820
199.1999820
199.1999820
199.1999820
199.1999820
192.0998460
199.1999820
199.1999820
199.1999820
199.1999820
199.1999820
199.1999820
199.1999820
199.1999820
199.1999820
199.1999820
199.1999820
115.9645950
162.6643870
195.9650650
158.2602310
155.5098530
199.1999820
199.1999820
184.6391070
159.6753460
199.1999820
199.1999820
183.7704540
165.1546480
199.1999820
199.1999820
182.6106570
188.0249330
199.1999820
199.1999820
125.4624460
128.4695150
169.7605130
195.4158550
1 2.6950690
133.8710100
156.5263600
150.7816930
1 3.4792930
145.2485350
156.5254440
150.3274000
110.6039380
156.0207290
156.2242580
145.5168690
144.4971690
171.4382550
163.8529320
154.9298440
159.4077030
199.1999820
156.6771770
156.6301770
189.1185530
183.6764450
156.5055960
160.3160550
199.1999820
162.5361560
156.8179590
199.1999820
199.1999820
156.2260860
178.8627170
199.1999820
179.9896550
157.6665270
199.1999820
199.1999820
158.5043750
183.5352100
199.1999820
195.3159180
158.8532450
199.1999820
199.1999820
163.9143140
177.6483920
199.1999820
199.1999820
158.6072810
199.1999820
199.1999820
188.2850490
165.1573870
199.1999820
199.1999820
168.1252140
188.5725480
199.1999820
199.1999820
160.5001870
199.1999820
199.1999820
199.1999820
166.7027890
199.1999820
199.1999820
191.2017590
164.0989070
199.1999820
199.1999820
192.4713060
199.1999820
199.1999820
199.1999820
183.9655380
199.1999820
199.1999820
199.1999820
175.3826520
199.1999820
199.1999820
199.1999820
199.1999820
199.1999820
199.1999820
199.1999820
199.1999820
199.1999820
199.1999820
199.1999820
199.1999820
199.1999820
199.1999820
199.1999820
199.1999820
199.1999820
199.1999820
199.1999820
199.1999820
199.1999820
199.1999820
199.1999820
199.1999820
199.1999820
199.1999820
199.1999820
199.1999820
199.1999820
199.1999820
199.1999820
199.1999820
199.1999820
199.1999820
199.1999820
199.1999820
199.1999820
199.1999820
199.1999820
199.1999820
199.1999820
199.1999820
199.1999820
199.1999820
199.1999820
199.1999820
199.1999820
199.1999820
199.1999820
199.1999820
199.1999820
199.1999820
199.1999820
199.1999820
199.1999820
199.1999820
199.1999820
199.1999820
199.1999820
199.1999820
199.1999820
199.1999820
199.1999820
199.1999820
199.1999820
199.1999820
199.1999820
199.1999820
199.1999820
199.1999820
199.1999820
199.1999820
199.1999820
199.1999820
199.1999820
199.1999820
199.1999820
199.1999820
199.1999820
199.1999820
199.1999820
199.1999820
199.1999820
199.1999820
199.1999820
199.1999820
199.1999820
199.1999820
199.1999820
199.1999820
199.1999820
199.1999820
199.1999820
199.1999820
199.1999820
199.1999820
199.1999820
199.1999820
199.1999820
199.1999820
199.1999820
199.1999820
199.1999820
199.1999820
199.1999820
199.1999820
199.1999820
199.1999820
199.1999820
199.1999820
199.1999820
199.1999820
199.1999820
199.1999820
199.1999820
199.1999820
199.1999820
199.1999820
199.1999820
199.1999820
199.1999820
199.1999820
199.1999820
199.1999820
199.1999820
199.1999820
199.1999820
199.1999820
199.1999820
199.1999820
199.1999820
199.1999820
199.1999820
199.1999820
199.1999820
199.1999820
199.1999820
199.1999820
199.1999820
199.1999820
199.1999820
199.1999820
199.1999820
199.1999820
199.1999820
199.1999820
199.1999820
199.1999820
199.1999820
199.1999820
199.1999820
199.1999820
199.1999820
199.1999820
199.1999820
199.1999820
199.1999820
199.1999820
199.1999820
199.1999820
199.1999820
199.1999820
199.1999820
199.1999820
199.1999820
199.1999820
199.1999820
199.1999820
199.1999820
199.1999820
199.1999820
199.1999820
199.1999820
199.1999820
199.1999820
199.1999820
199.1999820
199.1999820
199.1999820
199.1999820
199.1999820
199.1999820
199.1999820
199.1999820
199.1999820
199.1999820
199.1999820
199.1999820
199.1999820
199.1999820
199.1999820
199.1999820
199.1999820
199.1999820
199.1999820
199.1999820
199.1999820
199.1999820
199.1999820
199.1999820
199.1999820
199.1999820
199.1999820
199.1999820
199.1999820
199.1999820
199.1999820
199.1999820
199.1999820
199.1999820
199.1999820
199.1999820
199.1999820
199.1999820
199.1999820
199.1999820
199.1999820
199.1999820
199.1999820
199.1999820
199.1999820
199.1999820
199.1999820
199.1999820
199.1999820
199.1999820
199.1999820
199.1999820
199.1999820
199.1999820
199.1999820
199.1999820
199.1999820
199.1999820
199.1999820
199.1999820
199.1999820
199.1999820
199.1999820
199.1999820
199.1999820
199.1999820
199.1999820
199.1999820
199.1999820
199.1999820
199.1999820
199.1999820
199.1999820
199.1999820
199.1999820
199.1999820
199.1999820
199.1999820
199.1999820
199.1999820
199.1999820
199.1999820
199.1999820
199.1999820
199.1999820
199.1999820
199.1999820
199.1999820
199.1999820
199.1999820
199.1999820
199.1999820
199.1999820
199.1999820
199.1999820
199.1999820
199.1999820
199.1999820
199.1999820
199.1999820
199.1999820
199.1999820
199.1999820
199.1999820
199.1999820
199.1999820
199.1999820
199.1999820
199.1999820
199.1999820
199.1999820
199.1999820
199.1999820
199.1999820
199.1999820
199.1999820
199.1999820
199.1999820
199.1999820
199.1999820
199.1999820
199.1999820
199.1999820
199.1999820
199.1999820
199.1999820
199.1999820
199.1999820
199.1999820
199.1999820
199.1999820
199.1999820
199.1999820
199.1999820
199.1999820
199.1999820
199.1999820
199.1999820
199.1999820
199.1999820
199.1999820
199.1999820
199.1999820
199.1999820
199.1999820
199.1999820
199.1999820
199.1999820
199.1999820
199.1999820
199.1999820
199.1999820
199.1999820
199.1999820
199.1999820
199.1999820
199.1999820
199.1999820
199.1999820
199.1999820
199.1999820
199.1999820
199.1999820
199.1999820
199.1999820
199.1999820
199.1999820
199.1999820
199.1999820
199.1999820
199.1999820
199.1999820
199.1999820
199.1999820
199.1999820
199.1999820
199.1999820
199.1999820
199.1999820
199.1999820
199.1999820
199.1999820
199.1999820
199.1999820
199.1999820
199.1999820
192.1133040
199.1999820
199.1999820
199.1999820
199.1999820
199.1999820
199.1999820
199.1999820
199.1999820
199.1999820
199.1999820
199.1999820
199.1999820
199.1999820
199.1999820
199.1999820
199.1999820
199.1999820
199.1999820
199.1999820
199.1999820
199.1999820
199.1999820
199.1999820
199.1999820
199.1999820
199.1999820
199.1999820
199.1999820
199.1999820
199.1999820
199.1999820
199.1999820
199.1999820
199.1999820
199.1999820
199.1999820
199.1999820
199.1999820
199.1999820
199.1999820
199.1999820
199.1999820
199.1999820
199.1999820
199.1999820
199.1999820
199.1999820
199.1999820
199.1999820
199.1999820
199.1999820
199.1999820
199.1999820
199.1999820
199.1999820
199.1999820
199.1999820
199.1999820
199.1999820
199.1999820
199.1999820
199.1999820
199.1999820
199.1999820
199.1999820
199.1999820
199.1999820
199.1999820
199.1999820
199.1999820
199.1999820
199.1999820
199.1999820
199.1999820
199.1999820
199.1999820
199.1999820
199.1999820
199.1999820
199.1999820
199.1999820
199.1999820
199.1999820
199.1999820
199.1999820
199.1999820
199.1999820
199.1999820
199.1999820
199.1999820
199.1999820
199.1999820
199.1999820
199.1999820
199.1999820
199.1999820
199.1999820
199.1999820
199.1999820
199.1999820
199.1999820
199.1999820
199.1999820
199.1999820
199.1999820
199.1999820
199.1999820
199.1999820
199.1999820
199.1999820
199.1999820
199.1999820
199.1999820
199.1999820
199.1999820
199.1999820
199.1999820
199.1999820
199.1999820
199.1999820
199.1999820
199.1999820
199.1999820
199.1999820
199.1999820
199.1999820
199.1999820
199.1999820
199.1999820
199.1999820
199.1999820
199.1999820
199.1999820
199.1999820
199.1999820
199.1999820
199.1999820
199.1999820
199.1999820
199.1999820
199.1999820
199.1999820
199.1999820
199.1999820
199.1999820
199.1999820
199.1999820
199.1999820
199.1999820
199.1999820
199.1999820
199.1999820
199.1999820
199.1999820
199.1999820
199.1999820
199.1999820
199.1999820
199.1999820
199.1999820
199.1999820
199.1999820
199.1999820
199.1999820
199.1999820
199.1999820
199.1999820
199.1999820
199.1999820
199.1999820
199.1999820
199.1999820
199.1999820
199.1999820
199.1999820
199.1999820
199.1999820
199.1999820
199.1999820
199.1999820
199.1999820
199.1999820
199.1999820
199.1999820
199.1999820
199.1999820
199.1999820
199.1999820
199.1999820
199.1999820
199.1999820
199.1999820
199.1999820
199.1999820
199.1999820
199.1999820
199.1999820
199.1999820
199.1999820
199.1999820
199.1999820
199.1999820
199.1999820
199.1999820
199.1999820
199.1999820
199.1999820
199.1999820
199.1999820
199.1999820
199.1999820
199.1999820
199.1999820
199.1999820
199.1999820
199.1999820
199.1999820
199.1999820
199.1999820
199.1999820
199.1999820
199.1999820
199.1999820
199.1999820
199.1999820
199.1999820
199.1999820
199.1999820
199.1999820
199.1999820
199.1999820
199.1999820
199.1999820
199.1999820
199.1999820
199.1999820
199.1999820
199.1999820
199.1999820
199.1999820
199.1999820
199.1999820
199.1999820
199.1999820
199.1999820
199.1999820
199.1999820
199.1999820
199.1999820
199.1999820
199.1999820
199.1999820
199.1999820
199.1999820
199.1999820
199.1999820
199.1999820
199.1999820
199.1999820
199.1999820
199.1999820
199.1999820
199.1999820
199.1999820
199.1999820
199.1999820
199.1999820
199.1999820
199.1999820
199.1999820
199.1999820
199.1999820
199.1999820
199.1999820
199.1999820
199.1999820
199.1999820
199.1999820
199.1999820
199.1999820
199.1999820
199.1999820
199.1999820
199.1999820
199.1999820
199.1999820
199.1999820
199.1999820
199.1999820
199.1999820
199.1999820
199.1999820
199.1999820
199.1999820
199.1999820
199.1999820
199.1999820
199.1999820
199.1999820
199.1999820
199.1999820
199.1999820
199.1999820
199.1999820
199.1999820
199.1999820
199.1999820
199.1999820
199.1999820
199.1999820
199.1999820
199.1999820
199.1999820
199.1999820
199.1999820
199.1999820
199.1999820
199.1999820
199.1999820
199.1999820
199.1999820
199.1999820
199.1999820
199.1999820
199.1999820
199.1999820
199.1999820
199.1999820
199.1999820
199.1999820
199.1999820
199.1999820
199.1999820
199.1999820
199.1999820
199.1999820
199.1999820
199.1999820
199.1999820
199.1999820
199.1999820
199.1999820
199.1999820
199.1999820
199.1999820
199.1999820
199.1999820
199.1999820
199.1999820
199.1999820
199.1999820
199.1999820
199.1999820
199.1999820
199.1999820
199.1999820
199.1999820
199.1999820
199.1999820
199.1999820
199.1999820
199.1999820
199.1999820
199.1999820
199.1999820
199.1999820
199.1999820
199.1999820
199.1999820
199.1999820
199.1999820
199.1999820
199.1999820
199.1999820
199.1999820
199.1999820
199.1999820
199.1999820
199.1999820
199.1999820
199.1999820
199.1999820
199.1999820
199.1999820
199.1999820
199.1999820
199.1999820
199.1999820
199.1999820
199.1999820
199.1999820
199.1999820
199.1999820
199.1999820
199.1999820
199.1999820
199.1999820
199.1999820
199.1999820
199.1999820
199.1999820
199.1999820
199.1999820
199.1999820
199.1999820
199.1999820
199.1999820
199.1999820
199.1999820
199.1999820
199.1999820
199.1999820
199.1999820
199.1999820
199.1999820
199.1999820
199.1999820
199.1999820
199.1999820
199.1999820
199.1999820
199.1999820
199.1999820
199.1999820
199.1999820
199.1999820
199.1999820
199.1999820
199.1999820
199.1999820
199.1999820
199.1999820
199.1999820
199.1999820
199.1999820
199.1999820
199.1999820
199.1999820
199.1999820
199.1999820
199.1999820
199.1999820
199.1999820
199.1999820
199.1999820
199.1999820
199.1999820
199.1999820
199.1999820
199.1999820
199.1999820
199.1999820
199.1999820
199.1999820
199.1999820
199.1999820
199.1999820
199.1999820
199.1999820
199.1999820
199.1999820
199.1999820
199.1999820
199.1999820
199.1999820
199.1999820
199.1999820
199.1999820
199.1999820
199.1999820
199.1999820
199.1999820
199.1999820
199.1999820
199.1999820
199.1999820
199.1999820
199.1999820
199.1999820
199.1999820
199.1999820
199.1999820
199.1999820
199.1999820
199.1999820
199.1999820
199.1999820
199.1999820
199.1999820
199.1999820
199.1999820
199.1999820
199.1999820
199.1999820
199.1999820
199.1999820
199.1999820
199.1999820
199.1999820
199.1999820
199.1999820
199.1999820
199.1999820
199.1999820
199.1999820
199.1999820
199.1999820
199.1999820
199.1999820
199.1999820
199.1999820
199.1999820
199.1999820
199.1999820
199.1999820
197.5273510
199.1999820
199.1999820
199.1999820
199.1999820
199.1999820
199.1999820
199.1999820
199.1999820
199.1999820
199.1999820
199.1999820
199.1999820
199.1999820
199.1999820
199.1999820
199.1999820
199.1999820
199.1999820
199.1999820
199.1999820
199.1999820
199.1999820
199.1999820
199.1999820
199.1999820
199.1999820
199.1999820
199.1999820
184.5925520
199.1999820
199.1999820
199.1999820
199.1999820
199.1999820
199.1999820
199.1999820
194.1812210
199.1999820
199.1999820
199.1999820
199.1999820
199.1999820
199.1999820
199.1999820
199.1999820
199.1999820
199.1999820
193.3823930
199.1999820
199.1999820
199.1999820
189.0968780
199.1999820
199.1999820
199.1999820
187.3735050
199.1999820
199.1999820
199.1999820
196.2648770
199.1999820
199.1999820
196.6648640
199.1999820
199.1999820
199.1999820
185.0803830
199.1999820
199.1999820
199.1999820
189.7533260
199.1999820
199.1999820
180.6109700
144.5332260
199.1999820
197.3279270
180.2842250
191.6941530
199.1999820
197.3133240
174.6527330
199.1999820
199.1999820
189.8726580
180.2342530
199.1999820
199.1999820
189.3768460
184.0885240
199.1999820
199.1999820
199.1999820
182.7863540
199.1999820
199.1999820
199.1999820
180.8989180
199.1999820
199.1999820
199.1999820
182.3395920
190.7654950
199.1999820
199.1999820
185.7051160
183.9993060
199.1999820
199.1999820
191.3717420
180.5520940
199.1999820
199.1999820
197.7867810
181.1350780
199.1999820
199.1999820
199.1999820
180.3494800
199.1999820
199.1999820
196.1434940
181.0985640
199.1999820
199.1999820
184.3096240
184.2715150
199.1999820
199.1999820
182.6674730
197.9994350
199.1999820
199.1999820
181.1446610
199.1999820
199.1999820
183.2598040
192.0939100
199.1999820
199.1999820
180.9696500
199.1999820
199.1999820
196.6911010
197.4504550
199.1999820
199.1999820
180.5760570
199.1999820
199.1999820
199.1999820
189.8078610
199.1999820
199.1999820
182.6213840
199.1999820
199.1999820
199.1999820
191.0598370
199.1999820
199.1999820
182.1262510
199.1999820
199.1999820
199.1999820
186.9755780
199.1999820
199.1999820
183.1094360
199.1999820
199.1999820
199.1999820
183.8815690
199.1999820
199.1999820
188.1702730
190.0976410
199.1999820
199.1999820
181.8691020
194.4066470
199.1999820
199.1999820
181.3897090
199.1999820
199.1999820
199.1999820
179.7646790
199.1999820
199.1999820
199.1999820
183.5931630
199.1999820
199.1999820
199.1999820
187.9154130
199.1999820
199.1999820
199.1999820
191.2298280
191.0821990
199.1999820
199.1999820
199.1999820
178.5302730
199.1999820
199.1999820
199.1999820
182.8349530
199.1999820
199.1999820
199.1999820
184.2062610
199.1999820
199.1999820
199.1999820
185.3370820
199.1999820
199.1999820
199.1999820
186.1037290
199.1999820
199.1999820
199.1999820
179.2982940
199.1999820
199.1999820
199.1999820
186.5689700
199.1999820
199.1999820
182.3811190
199.1999820
199.1999820
195.7528610
196.4042970
199.1999820
199.1999820
181.8323670
199.1999820
199.1999820
186.2921980
199.1999820
199.1999820
199.1999820
183.7802660
199.1999820
199.1999820
171.6940380
199.1999820
199.1999820
189.7697600
197.9054340
199.1999820
199.1999820
183.5037230
199.1999820
199.1999820
185.6734010
195.0562590
199.1999820
199.1999820
181.5633540
199.1999820
199.1999820
188.7441250
197.7664720
199.1999820
199.1999820
182.3548810
199.1999820
199.1999820
187.5019680
192.1634980
199.1999820
199.1999820
181.6201710
199.1999820
199.1999820
191.2843630
191.0383910
199.1999820
199.1999820
182.0933910
199.1999820
199.1999820
196.4807280
184.6568980
199.1999820
199.1999820
181.6518860
199.1999820
199.1999820
199.1999820
182.2022320
199.1999820
199.1999820
188.3690190
193.8829960
199.1999820
199.1999820
186.1562120
199.1999820
199.1999820
199.1999820
186.0170210
199.1999820
199.1999820
193.7283020
197.3986590
199.1999820
199.1999820
184.6338500
199.1999820
199.1999820
199.1999820
183.8058170
199.1999820
199.1999820
196.6769560
192.4840770
199.1999820
199.1999820
190.3983690
199.1999820
199.1999820
199.1999820
183.1019130
199.1999820
199.1999820
199.1999820
185.9237060
199.1999820
199.1999820
197.1629640
192.2520290
199.1999820
199.1999820
191.9006500
199.1975630
199.1999820
199.1999820
186.1724090
199.1999820
199.1999820
199.1999820
183.4856950
199.1999820
199.1999820
199.1999820
183.7264100
199.1999820
199.1999820
199.1999820
196.9642260
199.1999820
199.1999820
199.1999820
181.5952910
199.1999820
199.1999820
199.1999820
195.0040050
199.1999820
199.1999820
199.1999820
183.0325470
199.1999820
199.1999820
191.8228450
181.5284420
199.1999820
199.1999820
199.1999820
183.3271180
199.1999820
199.1999820
199.1999820
199.1999820
199.1999820
199.1999820
199.1999820
189.0298000
199.1999820
199.1999820
199.1999820
199.1999820
199.1999820
199.1999820
199.1999820
199.1999820
199.1999820
199.1999820
199.1999820
199.1999820
189.0377880
199.1999820
199.1999820
199.1999820
189.4927600
199.1999820
199.1999820
199.1999820
190.4784620
186.7665710
199.1999820
199.1999820
199.1999820
183.0366520
199.1999820
199.1999820
199.1999820
189.8719790
199.1999820
199.1999820
199.1999820
199.1999820
199.1999820
199.1999820
199.1999820
197.2414470
187.4935230
199.1999820
199.1999820
189.6155090
193.3967670
199.1999820
199.1999820
185.7188110
199.1999820
199.1999820
199.1999820
184.5549090
199.1999820
199.1999820
194.3569110
193.9019390
199.1999820
199.1999820
184.0410610
199.1999820
199.1999820
199.1999820
195.3195650
199.1999820
199.1999820
186.0318600
199.1999820
199.1999820
199.1999820
185.9688800
199.1999820
199.1999820
199.1999820
198.2130050
199.1999820
199.1999820
183.3921430
199.1999820
199.1999820
196.2783430
198.5479580
199.1999820
199.1999820
184.0946880
199.1999820
199.1999820
199.1999820
195.7473830
199.1999820
199.1999820
183.9805980
199.1999820
199.1999820
199.1999820
184.6669390
199.1999820
199.1999820
189.3656690
195.8498380
199.1999820
199.1999820
181.5085910
199.1999820
199.1999820
196.3394930
186.9826430
199.1999820
199.1999820
182.4869920
199.1999820
199.1999820
196.2231220
182.7895430
199.1999820
199.1999820
181.7956310
199.1999820
199.1999820
184.8522110
181.9505540
199.1999820
199.1999820
182.4183120
194.7548450
199.1999820
199.1999820
182.4776310
199.1999820
199.1999820
190.8045120
183.4407420
199.1999820
199.1999820
182.2088550
199.1999820
199.1999820
199.1999820
185.4513930
199.1999820
199.1999820
186.2515870
199.1999820
199.1999820
199.1999820
181.8907780
199.1999820
199.1999820
185.2216190
189.3830110
199.1999820
199.1999820
182.8351820
198.8432080
199.1999820
199.1999820
180.6260220
199.1999820
199.1999820
184.6760640
181.4656980
199.1999820
199.1999820
182.0121690
199.1999820
199.1999820
199.1999820
179.6024480
199.1999820
199.1999820
199.1999820
181.0116350
199.1999820
199.1999820
196.5560300
181.8802870
199.1999820
199.1999820
192.4989170
182.7423170
199.1999820
199.1999820
189.2189560
184.1889190
199.1999820
199.1999820
195.5212710
191.3975300
199.1999820
199.1999820
195.9363100
193.7974400
199.1999820
199.1999820
190.6580280
199.1999820
199.1999820
199.1999820
194.7233580
199.1999820
199.1999820
199.1999820
186.0756680
199.1999820
199.1999820
199.1999820
184.0807650
199.1999820
199.1999820
199.1999820
195.8722000
199.1999820
199.1999820
185.6115650
199.1999820
199.1999820
199.1999820
198.0685730
199.1999820
199.1999820
199.1999820
199.1999820
199.1999820
199.1999820
191.2859570
199.1999820
199.1999820
197.8787380
199.1999820
199.1999820
199.1999820
188.2674790
199.1999820
199.1999820
199.1999820
198.0500870
199.1999820
199.1999820
187.4647750
199.1999820
199.1999820
199.1999820
187.1642680
199.1999820
199.1999820
199.1999820
192.9698560
199.1999820
199.1999820
193.1334610
199.1999820
199.1999820
199.1999820
185.1474690
199.1999820
199.1999820
199.1999820
183.7576750
199.1999820
199.1999820
197.3324970
189.0578690
199.1999820
199.1999820
199.1999820
199.1999820
199.1999820
199.1999820
183.9719310
199.1999820
199.1999820
199.1999820
199.1999820
199.1999820
199.1999820
199.1999820
199.1999820
199.1999820
199.1999820
199.1999820
199.1999820
199.1999820
199.1999820
199.1999820
199.1999820
199.1999820
199.1999820
199.1999820
199.1999820
199.1999820
199.1999820
199.1999820
199.1999820
199.1999820
199.1999820
199.1999820
199.1999820
199.1999820
199.1999820
199.1999820
199.1999820
199.1999820
199.1999820
199.1999820
199.1999820
199.1999820
199.1999820
199.1999820
199.1999820
199.1999820
199.1999820
199.1999820
199.1999820
199.1999820
199.1999820
199.1999820
199.1999820
199.1999820
199.1999820
199.1999820
199.1999820
199.1999820
199.1999820
199.1999820
199.1999820
199.1999820
199.1999820
199.1999820
199.1999820
199.1999820
199.1999820
199.1999820
199.1999820
199.1999820
199.1999820
199.1999820
199.1999820
199.1999820
199.1999820
199.1999820
199.1999820
199.1999820
199.1999820
199.1999820
199.1999820
199.1999820
199.1999820
199.1999820
199.1999820
199.1999820
199.1999820
199.1999820
199.1999820
199.1999820
199.1999820
199.1999820
199.1999820
199.1999820
199.1999820
199.1999820
199.1999820
199.1999820
199.1999820
199.1999820
199.1999820
199.1999820
199.1999820
199.1999820
199.1999820
199.1999820
199.1999820
199.1999820
199.1999820
199.1999820
199.1999820
199.1999820
199.1999820
199.1999820
199.1999820
199.1999820
199.1999820
199.1999820
199.1999820
199.1999820
199.1999820
199.1999820
199.1999820
199.1999820
199.1999820
199.1999820
199.1999820
199.1999820
199.1999820
199.1999820
199.1999820
199.1999820
199.1999820
199.1999820
199.1999820
199.1999820
199.1999820
199.1999820
199.1999820
199.1999820
199.1999820
199.1999820
199.1999820
199.1999820
199.1999820
199.1999820
199.1999820
199.1999820
199.1999820
199.1999820
199.1999820
199.1999820
199.1999820
199.1999820
199.1999820
199.1999820
199.1999820
199.1999820
199.1999820
199.1999820
199.1999820
199.1999820
199.1999820
199.1999820
199.1999820
199.1999820
199.1999820
199.1999820
199.1999820
199.1999820
199.1999820
199.1999820
199.1999820
199.1999820
199.1999820
199.1999820
199.1999820
199.1999820
199.1999820
199.1999820
199.1999820
199.1999820
199.1999820
199.1999820
199.1999820
199.1999820
199.1999820
199.1999820
199.1999820
199.1999820
199.1999820
199.1999820
199.1999820
199.1999820
199.1999820
199.1999820
199.1999820
199.1999820
199.1999820
199.1999820
199.1999820
199.1999820
199.1999820
199.1999820
199.1999820
199.1999820
199.1999820
199.1999820
199.1999820
199.1999820
199.1999820
199.1999820
199.1999820
199.1999820
199.1999820
199.1999820
199.1999820
199.1999820
199.1999820
199.1999820
199.1999820
199.1999820
199.1999820
199.1999820
199.1999820
199.1999820
199.1999820
199.1999820
199.1999820
199.1999820
199.1999820
199.1999820
199.1999820
199.1999820
199.1999820
199.1999820
199.1999820
199.1999820
199.1999820
199.1999820
199.1999820
199.1999820
199.1999820
199.1999820
199.1999820
199.1999820
199.1999820
199.1999820
199.1999820
199.1999820
199.1999820
199.1999820
199.1999820
199.1999820
199.1999820
199.1999820
199.1999820
199.1999820
199.1999820
199.1999820
199.1999820
199.1999820
199.1999820
199.1999820
199.1999820
199.1999820
199.1999820
199.1999820
199.1999820
199.1999820
199.1999820
199.1999820
199.1999820
199.1999820
199.1999820
199.1999820
199.1999820
199.1999820
199.1999820
199.1999820
199.1999820
199.1999820
199.1999820
199.1999820
199.1999820
199.1999820
199.1999820
199.1999820
199.1999820
199.1999820
199.1999820
199.1999820
199.1999820
199.1999820
199.1999820
199.1999820
199.1999820
199.1999820
199.1999820
199.1999820
199.1999820
199.1999820
199.1999820
199.1999820
199.1999820
199.1999820
199.1999820
199.1999820
199.1999820
199.1999820
199.1999820
199.1999820
199.1999820
199.1999820
199.1999820
199.1999820
199.1999820
199.1999820
199.1999820
199.1999820
199.1999820
199.1999820
199.1999820
199.1999820
199.1999820
199.1999820
199.1999820
199.1999820
199.1999820
199.1999820
199.1999820
199.1999820
199.1999820
199.1999820
199.1999820
199.1999820
199.1999820
199.1999820
199.1999820
199.1999820
199.1999820
199.1999820
199.1999820
199.1999820
199.1999820
199.1999820
199.1999820
199.1999820
199.1999820
199.1999820
199.1999820
199.1999820
199.1999820
199.1999820
199.1999820
199.1999820
199.1999820
199.1999820
199.1999820
199.1999820
199.1999820
199.1999820
199.1999820
199.1999820
199.1999820
199.1999820
199.1999820
199.1999820
199.1999820
199.1999820
199.1999820
199.1999820
199.1999820
199.1999820
199.1999820
199.1999820
199.1999820
199.1999820
199.1999820
199.1999820
199.1999820
199.1999820
199.1999820
199.1999820
199.1999820
199.1999820
199.1999820
199.1999820
199.1999820
199.1999820
199.1999820
199.1999820
199.1999820
199.1999820
199.1999820
199.1999820
199.1999820
199.1999820
199.1999820
199.1999820
199.1999820
199.1999820
199.1999820
199.1999820
199.1999820
199.1999820
199.1999820
199.1999820
199.1999820
199.1999820
199.1999820
199.1999820
199.1999820
199.1999820
199.1999820
199.1999820
199.1999820
199.1999820
199.1999820
199.1999820
199.1999820
199.1999820
199.1999820
199.1999820
199.1999820
199.1999820
199.1999820
199.1999820
199.1999820
199.1999820
199.1999820
199.1999820
199.1999820
199.1999820
199.1999820
199.1999820
199.1999820
199.1999820
199.1999820
199.1999820
199.1999820
199.1999820
199.1999820
199.1999820
199.1999820
199.1999820
199.1999820
199.1999820
199.1999820
199.1999820
199.1999820
199.1999820
199.1999820
199.1999820
199.1999820
199.1999820
199.1999820
199.1999820
199.1999820
199.1999820
199.1999820
199.1999820
199.1999820
199.1999820
199.1999820
199.1999820
199.1999820
199.1999820
199.1999820
199.1999820
199.1999820
199.1999820
199.1999820
199.1999820
199.1999820
199.1999820
199.1999820
199.1999820
199.1999820
199.1999820
199.1999820
199.1999820
199.1999820
199.1999820
199.1999820
199.1999820
199.1999820
199.1999820
199.1999820
199.1999820
199.1999820
199.1999820
199.1999820
199.1999820
199.1999820
199.1999820
199.1999820
199.1999820
199.1999820
199.1999820
199.1999820
199.1999820
199.1999820
199.1999820
199.1999820
199.1999820
199.1999820
199.1999820
199.1999820
199.1999820
199.1999820
199.1999820
199.1999820
199.1999820
199.1999820
199.1999820
199.1999820
199.1999820
199.1999820
199.1999820
199.1999820
199.1999820
199.1999820
199.1999820
199.1999820
199.1999820
199.1999820
199.1999820
199.1999820
199.1999820
199.1999820
199.1999820
199.1999820
199.1999820
199.1999820
199.1999820
199.1999820
199.1999820
199.1999820
199.1999820
199.1999820
199.1999820
199.1999820
199.1999820
199.1999820
199.1999820
199.1999820
199.1999820
199.1999820
199.1999820
199.1999820
199.1999820
199.1999820
199.1999820
199.1999820
199.1999820
199.1999820
199.1999820
199.1999820
199.1999820
199.1999820
199.1999820
199.1999820
199.1999820
199.1999820
199.1999820
199.1999820
199.1999820
199.1999820
199.1999820
199.1999820
199.1999820
199.1999820
199.1999820
199.1999820
199.1999820
199.1999820
199.1999820
199.1999820
199.1999820
199.1999820
199.1999820
186.9171600
199.1999820
199.1999820
199.1999820
199.1999820
199.1999820
199.1999820
199.1999820
199.1999820
199.1999820
199.1999820
199.1999820
199.1999820
199.1999820
199.1999820
199.1999820
199.1999820
199.1999820
199.1999820
199.1999820
199.1999820
199.1999820
199.1999820
199.1999820
199.1999820
199.1999820
199.1999820
199.1999820
199.1999820
199.1999820
199.1999820
199.1999820
198.8696820
199.1999820
199.1999820
199.1999820
191.1412960
199.1999820
199.1999820
199.1999820
199.1999820
199.1999820
199.1999820
187.9879680
199.1999820
199.1999820
199.1999820
199.1999820
199.1999820
199.1999820
193.4403460
199.1999820
199.1999820
199.1999820
199.1999820
199.1999820
199.1999820
195.3667980
199.1999820
199.1999820
199.1999820
199.1999820
199.1999820
199.1999820
199.1999820
199.1999820
199.1999820
199.1999820
190.3447490
199.1999820
199.1999820
183.8176800
187.2598720
199.1999820
185.5659330
183.7328030
197.1036380
199.1999820
183.4966510
184.8211820
199.1999820
199.1999820
188.5159530
199.1999820
199.1999820
199.1999820
190.1008300
199.1999820
199.1999820
194.2174990
199.1999820
199.1999820
199.1999820
186.0494230
199.1999820
199.1999820
199.1999820
188.6311800
199.1999820
199.1999820
197.5161670
196.0661390
199.1999820
199.1999820
188.8757860
199.1999820
199.1999820
199.1999820
185.2031400
199.1999820
199.1999820
199.1999820
185.6268540
199.1999820
199.1999820
199.1999820
191.0977170
199.1999820
199.1999820
188.3580630
199.1999820
199.1999820
199.1999820
184.4974060
199.1999820
199.1999820
188.3658220
199.1999820
199.1999820
199.1999820
193.4170760
199.1999820
199.1999820
195.0348050
199.1999820
199.1999820
199.1999820
199.1999820
199.1999820
199.1999820
199.1999820
199.1999820
199.1999820
199.1999820
186.9529800
199.1999820
199.1999820
197.6551280
186.1685330
199.1999820
199.1999820
193.9199600
199.1999820
199.1999820
199.1999820
184.2537230
199.1999820
199.1999820
191.1207580
199.1999820
199.1999820
199.1999820
185.8938140
199.1999820
199.1999820
199.1999820
185.4303970
199.1999820
199.1999820
199.1999820
199.1999820
199.1999820
199.1999820
199.1999820
199.1999820
199.1999820
199.1999820
194.9259720
199.1999820
199.1999820
199.1999820
199.1999820
199.1999820
199.1999820
198.3457950
199.1999820
